X-data: Y-data:
         1        117
         2        100
         3         88
         4         72
         6         53
         9       29.5
        10       25.2
        13       15.2
        15       11.1
A=
   1.8e+07   8.5e+06   1.7e+07   1.7e+07     2e+07   4.2e+06
   7.2e+06   1.6e+07     6e+06   1.2e+07     1e+07   1.4e+07
   7.8e+06   1.1e+07     2e+07     2e+07   1.4e+07   1.5e+07
     3e+06   1.3e+07   3.5e+05   5.2e+06   2.9e+06   1.7e+07
   3.4e+06   8.6e+06   2.8e+06   2.3e+06   2.1e+07   4.7e+06
   1.1e+07   1.8e+07   1.3e+07   6.4e+06   1.4e+07   1.1e+07
   1.1e+07   2.1e+07   6.3e+06   1.7e+07   1.1e+07   1.7e+07


Q=
      0.69     -0.65     -0.22     0.074     0.065      0.21
      0.27      0.37    -0.082      0.19     0.008     -0.26
       0.3      0.07      0.89       0.3     0.038     0.084
      0.12      0.45     -0.17     0.053     -0.15      0.86
      0.13      0.22    -0.034     -0.23      0.94     0.038
      0.42      0.22      0.13      -0.8      -0.3     -0.15
       0.4      0.38     -0.32      0.41     -0.09     -0.35


R=
   2.6e+07   3.2e+07   2.8e+07   3.1e+07   3.4e+07   2.5e+07
         0   2.1e+07  -1.3e+06   5.1e+06   5.2e+06   2.1e+07
         0         0   1.4e+07   7.5e+06   4.1e+06     5e+06
         0         0         0   1.1e+07  -3.5e+06   5.2e+06
         0         0         0         0   1.6e+07    -2e+06
         0         0         0         0         0   6.2e+06


Q^t*Q=
         1   1.4e-16  -5.6e-17  -3.9e-16  -1.4e-16    -1e-15
   1.4e-16         1         0  -1.1e-16  -3.5e-17  -1.5e-15
  -5.6e-17         0         1   1.1e-16   9.7e-17   2.6e-16
  -3.9e-16  -1.1e-16   1.1e-16         1  -7.6e-17   1.1e-16
  -1.4e-16  -3.5e-17   9.7e-17  -7.6e-17         1  -5.6e-17
    -1e-15  -1.5e-15   2.6e-16   1.1e-16  -5.6e-17         1


we conclude the QR-decomposition works for tall matricies 

         1       4.8      0.05
         2       4.6      0.05
         3       4.5      0.05
         4       4.3      0.05
         6         4      0.05
         9       3.4      0.05
        10       3.2      0.05
        13       2.7      0.05
        15       2.4      0.05


        20       -20
        20       -40
        20       -60
        20       -80
        20  -1.2e+02
        20  -1.8e+02
        20    -2e+02
        20  -2.6e+02
        20    -3e+02


covariance matrix =
   0.00089   8.8e-05
   8.7e-05   1.3e-05


C=
   4.95867     0.171379   
Delta C=
 0.0298375   0.00353553   

 Halftime calculated:
   -4.04452 Min:   -4.12971 max:   -3.96277
 Online: 3.63
 the two dont agree.







