Part A.1:
 
 A=
      0.44      0.86      0.79      0.65       0.6
      0.31      0.43      0.39     0.045      0.31
      0.64       0.5      0.18      0.74      0.73
      0.88      0.56      0.55       0.5       0.6
      0.11     0.026      0.52      0.19      0.37
       0.5      0.21      0.63      0.74      0.93
      0.12      0.13      0.28      0.86      0.27
QR decomposition

 R is upper triangular? 
       1.3       1.1       1.1       1.3       1.4
         0      0.59      0.35      0.15     0.049
         0         0       0.7      0.37      0.43
         0         0         0      0.85      0.27
         0         0         0         0      0.35
 Q=
      0.34      0.83      0.18     0.037   -0.0089
      0.23       0.3     0.045     -0.37      0.14
      0.48    -0.041     -0.49      0.36      0.46
      0.67     -0.29     -0.13     -0.32     -0.57
     0.081     -0.11      0.66     -0.17     0.056
      0.38     -0.34      0.47      0.16      0.46
     0.091     0.045      0.23      0.76     -0.47

 is Q^T*Q=1 ?
         1   7.5e-17     8e-17  -1.7e-16   6.9e-18
   7.5e-17         1   1.7e-16  -7.6e-17  -7.6e-17
     8e-17   1.7e-16         1   1.7e-16   1.4e-16
  -1.7e-16  -7.6e-17   1.7e-16         1  -1.1e-16
   6.9e-18  -7.6e-17   1.4e-16  -1.1e-16         1

 is QR=A i.e. QR-A=0 ?
      0.44      0.86      0.79      0.65       0.6
      0.31      0.43      0.39     0.045      0.31
      0.64       0.5      0.18      0.74      0.73
      0.88      0.56      0.55       0.5       0.6
      0.11     0.026      0.52      0.19      0.37
       0.5      0.21      0.63      0.74      0.93
      0.12      0.13      0.28      0.86      0.27

 
 
Part A.2:
 
 A=
      0.58     0.076      0.92      0.45      0.87
       0.8      0.26      0.39      0.41      0.72
      0.39      0.94      0.84      0.71      0.74
       0.4      0.62      0.31      0.66      0.26
      0.41      0.26      0.91      0.36      0.83
 b=
  0.749785   0.651654   0.765632   0.760665   0.326865 
 Is A*x = b? A*x=
  0.749785   0.651654   0.765632   0.760665   0.326865 
 
Part B:
 
 A=
      0.79      0.31      0.14      0.17      0.39      0.71
     0.016      0.42      0.72      0.61      0.13      0.89
      0.15      0.34       0.7      0.47      0.43      0.24
      0.52      0.86      0.99      0.58      0.18       0.8
      0.17      0.61      0.36      0.71      0.44      0.18
      0.75       0.6      0.74      0.95      0.67       0.8
 A^-1=B=
     -0.79      -1.5      -1.1      0.92      -1.3       2.1
       1.2    -0.037    -0.048      0.86       2.2      -2.4
     -0.73     -0.42       1.4      0.67      -1.4      0.35
      -2.2     -0.11      -2.1     -0.16     -0.33       2.9
       2.3      0.56       2.8      -1.6       1.3      -2.2
       1.2       1.5    -0.064     -0.62      0.14     -0.87
check that BA=I=AB
 B*A=
          1   8.21565e-15   8.88178e-15   7.99361e-15   5.77316e-15   1.02141e-14   
-7.32747e-15            1   -7.54952e-15   -7.10543e-15   -5.32907e-15   -8.65974e-15   
2.44249e-15   1.16573e-15            1   1.05471e-15   1.41553e-15   2.16493e-15   
1.11022e-14   1.19904e-14   1.28786e-14            1   7.99361e-15   1.42109e-14   
-1.31006e-14   -1.31006e-14   -1.44329e-14   -1.33227e-14            1   -1.62093e-14   
-4.996e-15   -4.55191e-15   -4.77396e-15   -4.44089e-15   -3.33067e-15            1   
A*B=
         1   -8.88178e-16   -4.3715e-16   -3.33067e-16   -7.63278e-16   -1.11022e-16   
-4.44089e-16            1   -4.09395e-16   -4.44089e-16   -1.66533e-16   2.22045e-16   
-2.77556e-16   -2.77556e-16            1   -7.21645e-16   -5.48173e-16   -2.22045e-16   
-3.33067e-16   -2.22045e-16   -1.01308e-15            1   -4.85723e-16   1.33227e-15   
-6.66134e-16   5.55112e-17   -2.06432e-16   -1.80411e-16            1   5.55112e-17   
2.22045e-16   -2.22045e-16   -3.26128e-16   1.11022e-15   -3.05311e-16            1   
