Before diagonalisation:
 A=
      0.22      0.55      0.24         1      0.44      0.57
      0.55      0.27      0.43      0.55      0.42       0.9
      0.24      0.43      0.79      0.23      0.23      0.67
         1      0.55      0.23      0.34      0.48      0.45
      0.44      0.42      0.23      0.48      0.89       0.3
      0.57       0.9      0.67      0.45       0.3      0.07


V=
         1         0         0         0         0         0
         0         1         0         0         0         0
         0         0         1         0         0         0
         0         0         0         1         0         0
         0         0         0         0         1         0
         0         0         0         0         0         1


After diagonlisation:
D=
     -0.82         0   3.8e-10  -1.1e-11  -1.5e-13   3.2e-15
   4.9e-17     -0.68   1.7e-10     4e-13     2e-18  -2.3e-19
   3.8e-10   1.7e-10    -0.056   1.3e-14  -3.1e-19   8.3e-25
  -1.1e-11     4e-13   1.3e-14      0.44   5.3e-23   3.6e-10
  -1.5e-13  -5.3e-17   7.7e-17   6.2e-17      0.77  -2.2e-10
   3.1e-15  -4.9e-17  -1.5e-17   3.6e-10  -2.2e-10       2.9


V=
      0.43     -0.61      0.29      0.36      0.22      0.43
      0.47      0.38     -0.64      0.14     -0.11      0.44
      0.14     0.084      0.45     -0.34     -0.73      0.35
     -0.35      0.57       0.4      0.36      0.28      0.43
    -0.029    -0.044    -0.044     -0.77      0.51      0.38
     -0.67      -0.4     -0.38       0.1     -0.26      0.41


V^T A V=
     -0.82   2.8e-17   3.8e-10  -1.1e-11  -1.5e-13   3.1e-15
         0     -0.68   1.7e-10     4e-13   1.1e-16   3.9e-16
   3.8e-10   1.7e-10    -0.056   1.3e-14   2.8e-17   5.6e-16
  -1.1e-11     4e-13   1.3e-14      0.44  -1.2e-16   3.6e-10
  -1.5e-13   1.4e-16   5.8e-17   1.4e-17      0.77  -2.2e-10
   3.5e-15   3.9e-16     7e-16   3.6e-10  -2.2e-10       2.9


V D V^T=
      0.22      0.55      0.24         1      0.44      0.57
      0.55      0.27      0.43      0.55      0.42       0.9
      0.24      0.43      0.79      0.23      0.23      0.67
         1      0.55      0.23      0.34      0.48      0.45
      0.44      0.42      0.23      0.48      0.89       0.3
      0.57       0.9      0.67      0.45       0.3      0.07


V^T V=
         1         0  -3.9e-16   1.5e-16         0   3.3e-16
         0         1   3.9e-16   9.7e-17   2.8e-17   1.1e-16
  -3.9e-16   3.9e-16         1   4.9e-17  -1.7e-16   3.9e-16
   1.5e-16   9.7e-17   4.9e-17         1         0   1.6e-16
         0   2.8e-17  -1.7e-16         0         1   2.5e-16
   3.3e-16   1.1e-16   3.9e-16   1.6e-16   2.5e-16         1


Before diagonalization:
 H=
   8.8e+02  -4.4e+02        -0        -0        -0        -0        -0        -0        -0        -0        -0        -0        -0        -0        -0        -0        -0        -0        -0        -0
  -4.4e+02   8.8e+02  -4.4e+02        -0        -0        -0        -0        -0        -0        -0        -0        -0        -0        -0        -0        -0        -0        -0        -0        -0
        -0  -4.4e+02   8.8e+02  -4.4e+02        -0        -0        -0        -0        -0        -0        -0        -0        -0        -0        -0        -0        -0        -0        -0        -0
        -0        -0  -4.4e+02   8.8e+02  -4.4e+02        -0        -0        -0        -0        -0        -0        -0        -0        -0        -0        -0        -0        -0        -0        -0
        -0        -0        -0  -4.4e+02   8.8e+02  -4.4e+02        -0        -0        -0        -0        -0        -0        -0        -0        -0        -0        -0        -0        -0        -0
        -0        -0        -0        -0  -4.4e+02   8.8e+02  -4.4e+02        -0        -0        -0        -0        -0        -0        -0        -0        -0        -0        -0        -0        -0
        -0        -0        -0        -0        -0  -4.4e+02   8.8e+02  -4.4e+02        -0        -0        -0        -0        -0        -0        -0        -0        -0        -0        -0        -0
        -0        -0        -0        -0        -0        -0  -4.4e+02   8.8e+02  -4.4e+02        -0        -0        -0        -0        -0        -0        -0        -0        -0        -0        -0
        -0        -0        -0        -0        -0        -0        -0  -4.4e+02   8.8e+02  -4.4e+02        -0        -0        -0        -0        -0        -0        -0        -0        -0        -0
        -0        -0        -0        -0        -0        -0        -0        -0  -4.4e+02   8.8e+02  -4.4e+02        -0        -0        -0        -0        -0        -0        -0        -0        -0
        -0        -0        -0        -0        -0        -0        -0        -0        -0  -4.4e+02   8.8e+02  -4.4e+02        -0        -0        -0        -0        -0        -0        -0        -0
        -0        -0        -0        -0        -0        -0        -0        -0        -0        -0  -4.4e+02   8.8e+02  -4.4e+02        -0        -0        -0        -0        -0        -0        -0
        -0        -0        -0        -0        -0        -0        -0        -0        -0        -0        -0  -4.4e+02   8.8e+02  -4.4e+02        -0        -0        -0        -0        -0        -0
        -0        -0        -0        -0        -0        -0        -0        -0        -0        -0        -0        -0  -4.4e+02   8.8e+02  -4.4e+02        -0        -0        -0        -0        -0
        -0        -0        -0        -0        -0        -0        -0        -0        -0        -0        -0        -0        -0  -4.4e+02   8.8e+02  -4.4e+02        -0        -0        -0        -0
        -0        -0        -0        -0        -0        -0        -0        -0        -0        -0        -0        -0        -0        -0  -4.4e+02   8.8e+02  -4.4e+02        -0        -0        -0
        -0        -0        -0        -0        -0        -0        -0        -0        -0        -0        -0        -0        -0        -0        -0  -4.4e+02   8.8e+02  -4.4e+02        -0        -0
        -0        -0        -0        -0        -0        -0        -0        -0        -0        -0        -0        -0        -0        -0        -0        -0  -4.4e+02   8.8e+02  -4.4e+02        -0
        -0        -0        -0        -0        -0        -0        -0        -0        -0        -0        -0        -0        -0        -0        -0        -0        -0  -4.4e+02   8.8e+02  -4.4e+02
        -0        -0        -0        -0        -0        -0        -0        -0        -0        -0        -0        -0        -0        -0        -0        -0        -0        -0  -4.4e+02   8.8e+02


States=
         1         0         0         0         0         0         0         0         0         0         0         0         0         0         0         0         0         0         0         0
         0         1         0         0         0         0         0         0         0         0         0         0         0         0         0         0         0         0         0         0
         0         0         1         0         0         0         0         0         0         0         0         0         0         0         0         0         0         0         0         0
         0         0         0         1         0         0         0         0         0         0         0         0         0         0         0         0         0         0         0         0
         0         0         0         0         1         0         0         0         0         0         0         0         0         0         0         0         0         0         0         0
         0         0         0         0         0         1         0         0         0         0         0         0         0         0         0         0         0         0         0         0
         0         0         0         0         0         0         1         0         0         0         0         0         0         0         0         0         0         0         0         0
         0         0         0         0         0         0         0         1         0         0         0         0         0         0         0         0         0         0         0         0
         0         0         0         0         0         0         0         0         1         0         0         0         0         0         0         0         0         0         0         0
         0         0         0         0         0         0         0         0         0         1         0         0         0         0         0         0         0         0         0         0
         0         0         0         0         0         0         0         0         0         0         1         0         0         0         0         0         0         0         0         0
         0         0         0         0         0         0         0         0         0         0         0         1         0         0         0         0         0         0         0         0
         0         0         0         0         0         0         0         0         0         0         0         0         1         0         0         0         0         0         0         0
         0         0         0         0         0         0         0         0         0         0         0         0         0         1         0         0         0         0         0         0
         0         0         0         0         0         0         0         0         0         0         0         0         0         0         1         0         0         0         0         0
         0         0         0         0         0         0         0         0         0         0         0         0         0         0         0         1         0         0         0         0
         0         0         0         0         0         0         0         0         0         0         0         0         0         0         0         0         1         0         0         0
         0         0         0         0         0         0         0         0         0         0         0         0         0         0         0         0         0         1         0         0
         0         0         0         0         0         0         0         0         0         0         0         0         0         0         0         0         0         0         1         0
         0         0         0         0         0         0         0         0         0         0         0         0         0         0         0         0         0         0         0         1


After diagonalization:
 H=
       9.9   8.8e-15   2.8e-07   7.2e-09    -3e-09   6.8e-10   3.4e-11   7.4e-13  -4.5e-13   1.9e-15  -4.3e-14  -4.7e-07   2.3e-07  -8.4e-08   4.1e-08  -2.1e-08   1.4e-08    -8e-09  -4.8e-09   2.1e-09
   3.3e-14        39   4.2e-22   1.2e-08   2.9e-10  -1.2e-10    -2e-11  -7.1e-12  -3.7e-13  -3.4e-07   6.9e-07   5.4e-07  -5.3e-07   3.6e-07  -2.1e-07   1.2e-07  -6.4e-08   3.8e-08   2.1e-08  -9.6e-09
   2.8e-07   3.8e-14        87    -1e-07   3.4e-08  -1.4e-08  -1.1e-09  -8.5e-11  -9.5e-12    -5e-13   1.5e-13  -1.4e-06  -2.3e-07   4.7e-07    -3e-07   1.8e-07  -7.9e-08   4.5e-08   2.2e-08  -1.1e-08
   7.2e-09   1.2e-08    -1e-07   1.5e+02     8e-08  -2.5e-08  -1.8e-09  -6.1e-11  -6.3e-12   1.6e-13    -3e-13   2.5e-06  -8.7e-07     2e-08   5.4e-08  -4.5e-08     2e-08  -1.2e-08  -5.4e-09   2.8e-09
    -3e-09   2.9e-10   3.4e-08     8e-08   2.4e+02    -2e-09  -6.9e-10  -1.2e-10  -1.9e-11  -9.5e-13     5e-14   2.5e-19   1.9e-07   1.1e-08  -1.3e-08   8.9e-09  -3.9e-09   2.4e-09   1.1e-09  -5.6e-10
   6.8e-10  -1.1e-10  -1.4e-08  -2.5e-08    -2e-09   3.3e+02  -7.8e-09  -3.8e-10  -4.1e-11  -1.3e-12   1.6e-13  -1.4e-06  -2.7e-07   1.4e-08   1.6e-08  -1.3e-08   5.5e-09  -3.4e-09  -1.5e-09   7.7e-10
   3.4e-11    -2e-11  -1.1e-09  -1.8e-09  -6.9e-10  -7.8e-09   4.4e+02    -4e-10  -3.4e-11  -8.6e-13     1e-13  -8.8e-07  -1.3e-07   1.4e-08   2.6e-09  -2.7e-09   1.1e-09  -6.7e-10  -2.9e-10   1.5e-10
   8.1e-13    -7e-12  -8.5e-11  -6.1e-11  -1.2e-10  -3.8e-10    -4e-10   5.6e+02  -5.3e-11  -1.3e-12   1.3e-13  -1.1e-06  -4.9e-08   9.6e-09   4.4e-11    -6e-10   2.2e-10  -1.3e-10  -4.9e-11   2.8e-11
  -3.6e-13  -3.1e-13  -9.5e-12  -6.3e-12  -1.9e-11  -4.1e-11  -3.4e-11  -5.3e-11   6.9e+02  -7.6e-12   1.9e-13   1.1e-19   1.3e-07   7.1e-09  -4.4e-10  -2.2e-10   7.7e-11  -4.4e-11  -1.5e-11     9e-12
     9e-15  -3.4e-07  -5.1e-13   2.2e-13  -8.5e-13  -1.4e-12    -8e-13  -1.4e-12  -7.4e-12   8.2e+02   1.9e-13   2.1e-20   9.4e-08   2.2e-09  -2.5e-10    -3e-11   1.1e-11  -5.3e-12  -1.5e-12   9.3e-13
  -3.6e-14   6.9e-07   1.6e-13  -3.7e-13  -4.3e-14   7.7e-14  -1.3e-13   7.1e-14   3.3e-13   3.2e-13   9.5e+02         0  -5.7e-07   4.8e-09   2.6e-10   2.5e-12  -1.9e-12   8.1e-13     2e-13  -1.1e-13
  -4.7e-07   5.4e-07  -1.4e-06   2.5e-06   5.7e-14  -1.4e-06  -8.8e-07  -1.1e-06   1.6e-13  -6.6e-14   8.2e-14   1.1e+03     1e-06  -1.4e-08  -5.4e-11   4.4e-13   4.8e-14  -1.4e-14  -1.3e-17   1.7e-18
   2.3e-07  -5.3e-07  -2.3e-07  -8.7e-07   1.9e-07  -2.7e-07  -1.3e-07  -4.9e-08   1.3e-07   9.4e-08  -5.7e-07     1e-06   1.2e+03     4e-08  -9.7e-11  -3.2e-14  -4.7e-16         0  -2.4e-06   9.2e-07
  -8.4e-08   3.6e-07   4.7e-07     2e-08   1.1e-08   1.4e-08   1.4e-08   9.6e-09   7.1e-09   2.2e-09   4.8e-09  -1.4e-08     4e-08   1.3e+03   2.1e-10  -5.8e-16         0   8.8e-07     4e-07  -1.2e-07
   4.1e-08  -2.1e-07    -3e-07   5.4e-08  -1.3e-08   1.6e-08   2.6e-09   4.4e-11  -4.4e-10  -2.5e-10   2.6e-10  -5.4e-11  -9.7e-11   2.1e-10   1.4e+03         0   1.2e-06  -1.3e-07  -5.7e-08   1.3e-08
  -2.1e-08   1.2e-07   1.8e-07  -4.5e-08   8.9e-09  -1.3e-08  -2.7e-09    -6e-10  -2.2e-10    -3e-11   2.6e-12   3.3e-13   4.5e-14   5.6e-14   1.3e-13   1.5e+03  -8.5e-08   2.2e-08   1.1e-08  -1.1e-08
   1.4e-08  -6.4e-08  -7.9e-08     2e-08  -3.9e-09   5.5e-09   1.1e-09   2.2e-10   7.7e-11   1.1e-11  -1.8e-12   2.1e-13  -1.3e-13  -6.6e-14   1.2e-06  -8.5e-08   1.6e+03   2.9e-09   1.8e-09   4.8e-09
    -8e-09   3.8e-08   4.5e-08  -1.2e-08   2.4e-09  -3.4e-09  -6.7e-10  -1.3e-10  -4.4e-11  -5.3e-12   8.4e-13   1.2e-13    -1e-14   8.8e-07  -1.3e-07   2.2e-08   2.9e-09   1.7e+03  -8.5e-09  -2.9e-09
  -4.8e-09   2.1e-08   2.2e-08  -5.4e-09   1.1e-09  -1.5e-09  -2.9e-10  -4.9e-11  -1.5e-11  -1.6e-12     3e-13   1.7e-13  -2.4e-06     4e-07  -5.7e-08   1.1e-08   1.8e-09  -8.5e-09   1.7e+03  -1.4e-09
   2.1e-09  -9.6e-09  -1.1e-08   2.8e-09  -5.6e-10   7.7e-10   1.5e-10   2.8e-11   9.1e-12     7e-13   5.5e-15   1.5e-13   9.2e-07  -1.2e-07   1.3e-08  -1.1e-08   4.8e-09  -2.9e-09  -1.4e-09   1.8e+03


States=
     0.046    -0.091      0.13     -0.17      0.21     -0.24      0.27      0.29       0.3      0.31     -0.31       0.3     -0.29      0.27     -0.24      0.21     -0.17      0.13     0.091    -0.046
     0.091     -0.17      0.24     -0.29      0.31      -0.3      0.27      0.21      0.13     0.046     0.046     -0.13      0.21     -0.27       0.3     -0.31      0.29     -0.24     -0.17     0.091
      0.13     -0.24       0.3      -0.3      0.24     -0.13     3e-10     -0.13     -0.24      -0.3       0.3     -0.24      0.13   9.3e-10     -0.13      0.24      -0.3       0.3      0.24     -0.13
      0.17     -0.29       0.3     -0.21     0.046      0.13     -0.27     -0.31     -0.24    -0.091    -0.091      0.24     -0.31      0.27     -0.13    -0.046      0.21      -0.3     -0.29      0.17
      0.21     -0.31      0.24    -0.046     -0.17       0.3     -0.27    -0.091      0.13      0.29     -0.29      0.13     0.091     -0.27       0.3     -0.17    -0.046      0.24      0.31     -0.21
      0.24      -0.3      0.13      0.13      -0.3      0.24   3.9e-10      0.24       0.3      0.13      0.13      -0.3      0.24  -7.6e-10     -0.24       0.3     -0.13     -0.13      -0.3      0.24
      0.27     -0.27  -1.3e-09      0.27     -0.27     1e-10      0.27      0.27  -6.2e-11     -0.27      0.27  -1.8e-09     -0.27      0.27   1.7e-09     -0.27      0.27  -6.6e-10      0.27     -0.27
      0.29     -0.21     -0.13      0.31    -0.091     -0.24      0.27    -0.046      -0.3     -0.17     -0.17       0.3    -0.046     -0.27      0.24     0.091     -0.31      0.13     -0.21      0.29
       0.3     -0.13     -0.24      0.24      0.13      -0.3   1.1e-10      -0.3     -0.13      0.24     -0.24     -0.13       0.3  -3.4e-10      -0.3      0.13      0.24     -0.24      0.13      -0.3
      0.31    -0.046      -0.3     0.091      0.29     -0.13     -0.27     -0.17      0.24      0.21      0.21     -0.24     -0.17      0.27      0.13     -0.29    -0.091       0.3    -0.046      0.31
      0.31     0.046      -0.3    -0.091      0.29      0.13     -0.27      0.17      0.24     -0.21      0.21      0.24     -0.17     -0.27      0.13      0.29    -0.091      -0.3    -0.046     -0.31
       0.3      0.13     -0.24     -0.24      0.13       0.3  -2.2e-10       0.3     -0.13     -0.24     -0.24      0.13       0.3   6.2e-10      -0.3     -0.13      0.24      0.24      0.13       0.3
      0.29      0.21     -0.13     -0.31    -0.091      0.24      0.27     0.046      -0.3      0.17     -0.17      -0.3    -0.046      0.27      0.24    -0.091     -0.31     -0.13     -0.21     -0.29
      0.27      0.27  -6.2e-10     -0.27     -0.27   1.6e-11      0.27     -0.27  -6.8e-11      0.27      0.27  -1.7e-09     -0.27     -0.27   1.8e-09      0.27      0.27   5.5e-10      0.27      0.27
      0.24       0.3      0.13     -0.13      -0.3     -0.24  -4.7e-10     -0.24       0.3     -0.13      0.13       0.3      0.24  -7.4e-11     -0.24      -0.3     -0.13      0.13      -0.3     -0.24
      0.21      0.31      0.24     0.046     -0.17      -0.3     -0.27     0.091      0.13     -0.29     -0.29     -0.13     0.091      0.27       0.3      0.17    -0.046     -0.24      0.31      0.21
      0.17      0.29       0.3      0.21     0.046     -0.13     -0.27      0.31     -0.24     0.091    -0.091     -0.24     -0.31     -0.27     -0.13     0.046      0.21       0.3     -0.29     -0.17
      0.13      0.24       0.3       0.3      0.24      0.13  -3.4e-10      0.13     -0.24       0.3       0.3      0.24      0.13  -7.7e-10     -0.13     -0.24      -0.3      -0.3      0.24      0.13
     0.091      0.17      0.24      0.29      0.31       0.3      0.27     -0.21      0.13    -0.046     0.046      0.13      0.21      0.27       0.3      0.31      0.29      0.24     -0.17    -0.091
     0.046     0.091      0.13      0.17      0.21      0.24      0.27     -0.29       0.3     -0.31     -0.31      -0.3     -0.29     -0.27     -0.24     -0.21     -0.17     -0.13     0.091     0.046


Energies:
Nummerical   Exact
0 9.85121 9.8696
1 39.1848 39.4784
2 87.3455 88.8264
3 153.257 157.914
4 235.448 246.74
5 332.082 355.306
6 441 483.611
7 559.769 631.655
8 685.737 799.438
9 816.088 986.96
10 947.912 1194.22
11 1078.26 1421.22
12 1204.23 1667.96
13 1323 1934.44
14 1431.92 2220.66
15 1528.55 2526.62
16 1610.74 2852.32
17 1676.65 3197.75
18 1724.82 3562.93
19 1754.15 3947.84
